tmp  [
  11.56764 7.383731 10.54787 10.50742 9.377178 10.58895 9.763287 10.33064 10.53458 10.27284 10.37191 11.35883 11.26491 11.88957 11.60174 11.51844 12.30245 12.56766 13.22346 13.47739 13.56629 14.27846 14.11777 14.06147 
  11.57389 7.140742 8.849604 10.05086 9.550017 9.007555 8.685774 9.479081 10.46636 10.9321 11.48017 11.81519 11.14314 11.76419 11.82456 11.53293 12.42055 12.50613 13.34622 13.40852 13.43387 13.38482 12.96182 13.22518 
  11.52834 5.438632 9.844658 10.50575 10.78144 10.16251 9.4085 10.06231 9.939218 10.3633 11.16993 11.07678 10.74912 11.43438 11.09781 11.59153 11.95164 11.51785 11.8907 12.5817 13.10153 13.16073 12.72471 12.59993 
  11.91018 8.070292 10.04984 10.92706 10.15403 10.21483 9.409148 10.52499 11.21715 11.19159 10.78595 10.75619 10.56795 11.18567 10.56481 10.40975 11.69757 12.24134 11.76103 11.78099 11.60343 11.8385 12.1845 12.56105 
  11.86671 7.626043 10.21726 10.98522 9.533388 9.524164 9.681092 10.14337 10.28577 11.40135 11.61319 11.02959 11.72613 11.51959 11.01915 11.23895 13.4367 13.84388 13.69434 13.95883 12.86393 14.35964 14.93343 15.56942 
  11.93835 7.9772 9.962945 9.766613 10.14322 9.012126 9.659035 9.875624 10.44424 10.77847 11.04413 10.55099 11.38937 11.05825 10.85896 11.1116 12.59002 12.66718 12.41466 13.24578 12.90974 12.89505 12.71643 13.14954 
  11.8889 8.853515 10.68659 10.40025 10.3434 9.297497 9.908829 9.859816 10.68888 11.87339 11.11932 10.9509 10.87205 10.5867 11.04765 11.92557 12.95491 12.72597 12.28136 13.01968 13.19562 12.9549 12.59185 12.93575 
  11.69548 6.895124 9.102163 10.15753 10.45762 10.36103 9.604914 8.740724 9.63343 10.37413 10.73365 10.77141 10.8182 11.28374 11.30805 11.91569 11.79917 12.32205 12.14499 12.68163 12.90457 12.86332 12.37315 13.00578 
  10.97626 4.853478 7.32294 9.727466 9.990736 9.733111 10.1434 9.635711 10.25047 11.22281 11.32332 10.46506 11.20947 10.79005 11.19602 10.46196 11.17114 11.57358 11.22402 12.04742 12.30165 12.5134 12.66263 12.43379 
  11.22879 6.200334 9.420038 10.33037 10.07108 9.144695 9.11047 9.565699 10.50109 10.71644 10.69129 10.54165 11.2771 10.93379 11.14709 11.10445 11.1721 11.25727 11.91626 12.06643 12.26805 12.40139 11.94336 12.23788 
  11.55193 6.756803 8.993279 10.11452 10.21357 9.886329 9.785311 9.823354 10.67934 10.92718 10.34048 10.78767 10.3839 10.48092 11.21994 11.83478 12.17482 11.71266 12.15947 12.37584 11.91365 11.69849 12.12098 12.144 
  12.27459 6.941181 8.754146 9.53143 9.775167 10.85561 11.04275 10.08217 10.64103 11.44509 11.66221 10.7562 11.49215 11.68257 11.57649 13.18853 13.53513 12.4949 12.47379 12.65471 12.29403 12.57757 13.0019 13.17273 
  12.73332 9.513788 9.814403 11.57487 12.17995 11.82074 12.32812 10.76979 10.1332 11.08762 11.81635 12.31083 11.22744 11.78507 13.60035 13.46568 13.08411 15.02028 16.2818 13.736 13.61936 14.84484 14.34864 15.29438 
  12.7135 7.115888 7.738031 10.76799 10.99952 11.72115 11.85145 10.48726 10.75799 11.85625 12.16391 10.94779 11.07639 11.70659 12.40829 12.13769 12.91108 13.72219 14.75514 13.58963 13.28546 13.05589 12.72277 14.7463 
  11.61289 7.085399 8.744502 9.968327 10.54218 10.884 10.99459 10.06243 10.64207 11.16382 11.4912 11.08628 11.46959 11.5742 11.65438 11.54724 11.7607 12.30922 12.19173 12.3876 12.3871 12.36748 12.58256 13.18341 
  11.54171 6.749859 8.915935 9.57375 9.725089 10.86776 10.90745 10.62242 11.14088 12.11205 12.29056 10.84486 10.24856 10.28023 11.02575 11.42695 11.64497 12.37958 11.49576 11.21978 12.56907 12.0689 12.10525 12.58668 
  11.64759 6.629569 8.541884 9.797842 9.491741 11.90261 12.09322 10.44575 11.14039 11.79322 11.85593 11.27073 11.05641 10.72235 11.00197 10.09974 11.10545 11.88909 11.88348 11.56288 12.08737 12.32001 11.8196 12.16801 
  12.14933 7.803339 9.01404 9.776667 9.607963 11.26914 12.30508 9.579197 10.65632 12.0826 12.4183 10.97717 10.82945 10.64914 10.86729 10.43171 10.9885 11.84142 11.33535 10.96069 11.7197 11.64902 11.88455 11.84933 
  12.18231 8.497531 8.541067 9.878681 9.98415 10.98014 11.62737 10.76495 9.918365 12.31649 12.85906 10.60898 11.40571 11.09667 11.09814 10.92804 12.14355 11.84448 12.02927 11.72261 11.42071 11.82996 11.76572 12.10658 
  12.21925 8.464784 8.771756 10.04974 9.934879 10.81482 11.19248 10.4383 10.07374 12.37947 12.70324 10.40691 10.79176 11.08133 11.42286 12.00367 11.67144 11.78537 11.48695 11.97786 11.89386 12.03575 11.64905 12.27735 
  11.66371 7.970225 9.632981 9.497298 9.167808 9.327209 10.73394 10.02135 10.9582 12.18185 12.69578 10.86639 10.7111 11.75305 11.79752 11.67885 11.28835 12.04606 12.23793 12.25451 12.48439 12.76845 11.46618 12.31685 
  11.40453 7.775211 9.063981 9.739773 9.70964 11.01388 10.95264 9.850896 10.84834 10.69048 11.54162 11.25866 11.20561 11.40517 11.42342 11.12082 11.39513 12.53063 12.22049 12.32864 12.80047 12.18198 11.76085 12.11564 
  11.33248 6.162 9.641082 10.28813 9.058619 10.21566 10.32578 9.347733 9.691442 10.65565 10.95839 11.63287 10.93211 11.53038 11.60342 11.08283 11.98121 12.24809 12.6309 12.84601 12.63593 11.61031 11.89052 12.45324 
  11.12741 5.482747 9.394468 10.05197 9.670433 9.737771 10.12712 9.496908 10.35866 11.00547 10.66661 10.46694 10.50523 11.13163 11.56811 11.05075 11.80101 12.75654 12.89945 12.97542 12.61476 12.06612 12.23043 12.51525 
  11.5513 7.253868 9.579512 10.06971 10.52569 10.58508 10.25478 9.428078 9.512676 10.50811 10.7238 9.502268 10.49583 11.16867 11.46346 11.37339 11.36075 12.48147 12.37723 12.55795 12.28545 11.5522 11.97355 12.83026 
  11.81367 6.961787 10.96844 10.8192 9.040565 9.79017 9.299844 10.49438 10.27107 10.39725 11.76452 10.54741 10.88239 11.04059 11.30807 11.23519 11.0944 11.4845 12.04734 12.3222 12.52022 11.80589 11.86978 12.3259 
  11.90663 7.33999 10.62452 10.86492 8.954076 9.610598 9.530374 10.05355 9.55621 9.250219 10.78994 11.62252 11.54897 10.99373 10.86197 10.50899 11.55224 11.99779 11.51626 11.98492 12.28963 11.57466 11.64243 12.29536 
  11.5763 6.155107 9.589633 10.37776 9.590803 9.651965 9.798661 9.399782 9.557819 10.45443 9.522278 10.76405 10.80145 10.49973 10.4662 10.80871 11.51108 12.19456 11.83002 11.8474 12.10628 11.74579 11.62175 12.15696 
  11.01062 5.529303 8.049069 9.126105 10.18799 10.98682 10.08086 10.04172 10.40191 9.638982 10.0544 10.64275 10.53771 10.64775 10.9792 10.84755 11.52975 11.84399 11.58002 11.42144 11.68636 11.41086 11.68793 12.03242 
  17.99477 12.83559 13.11229 13.96154 15.02746 15.7501 15.73279 15.04274 15.08648 15.41031 14.9743 16.51924 17.26655 16.9519 17.79294 18.17266 18.98935 18.51216 19.93172 19.83859 18.57767 16.90558 15.73123 16.45496 
  18.60581 14.74341 15.58355 15.63708 17.9554 18.23151 18.10251 18.0636 17.79792 17.01988 16.86177 17.83036 19.72009 19.45479 19.37322 20.70207 21.04282 20.40901 21.80526 22.40385 22.04434 21.10573 20.27805 20.88547 
  18.77508 12.981 13.34979 14.87331 16.73439 16.64129 16.62455 16.85739 17.07047 16.33046 15.90737 15.50593 18.90172 19.01915 18.87827 20.33322 20.39568 19.85574 20.91725 21.93928 22.01402 21.46074 21.07784 21.44747 
  18.34306 13.64518 14.14303 16.19266 16.55456 16.48349 16.91175 16.51325 15.9295 16.24629 16.29566 16.03233 18.33771 18.88554 18.63996 20.48739 20.56145 19.51098 21.19508 21.03086 21.48385 21.42405 20.64902 21.01866 
  18.34767 12.88416 12.45065 15.76916 17.00676 16.97593 16.42344 15.08612 14.66665 15.50984 15.34618 16.16088 18.44002 19.02276 18.08506 21.41737 20.75336 20.3305 22.07977 21.29602 20.90918 20.26797 19.81162 19.90691 
  17.91596 13.09546 14.7945 15.21356 15.94222 15.60013 14.76726 15.09447 14.0525 14.35133 15.45069 15.68089 18.14388 19.86743 17.85139 20.35079 19.68937 19.7318 20.90564 19.78974 19.53197 18.85067 18.95106 19.55793 
  18.17225 14.27088 14.97501 14.46865 14.72025 14.689 13.72553 14.35544 14.14234 14.74885 14.50074 14.57649 16.68984 18.88043 16.88702 18.66627 18.29263 19.02951 19.28232 18.74604 17.85777 17.12273 16.95711 17.99193 
  19.77097 17.13238 17.76816 18.57463 18.75344 16.74687 14.71843 14.36282 13.9724 14.40961 13.99409 14.55839 15.37564 18.07463 16.84609 18.80216 17.91818 18.96698 17.85336 17.0225 16.17442 15.91526 15.80101 16.63983 
  20.45774 17.36491 18.53359 19.68397 20.18559 17.80324 15.73011 14.87459 14.84899 14.93724 14.95521 15.47631 16.83896 18.79457 18.32306 18.90301 18.29476 18.88685 18.12922 15.34811 16.11922 16.34039 15.78712 16.5954 
  20.63453 17.00037 18.90478 19.9301 20.45921 17.83782 15.75561 15.09563 14.92977 14.59405 14.9232 15.93212 17.3007 20.24734 19.9506 20.34127 19.50505 20.41494 19.3879 16.74541 17.50971 17.82639 16.46956 17.18571 
  20.56274 16.61579 18.83361 19.85596 20.20204 17.54141 15.55115 14.71179 14.63169 14.51026 14.65798 15.38684 16.79074 20.12073 20.16525 20.55018 19.87771 21.15208 20.19674 18.03714 18.95962 19.32222 17.26129 18.10546 
  20.30782 16.36374 18.67191 19.73458 19.87912 17.16147 15.53862 14.97793 14.6417 14.41757 14.5146 15.17964 16.23748 20.07728 20.13631 20.09735 19.62127 20.5628 19.6757 17.49941 18.6315 18.85014 17.41226 18.28276 
  20.2366 16.12222 18.59171 19.6254 19.64894 16.80973 15.5596 15.12356 14.66324 14.63672 14.32574 14.95179 15.90586 19.70243 19.95451 19.58453 18.9928 19.79985 19.2151 17.21573 18.11806 18.09783 17.04227 17.9736 
  20.2028 16.14018 18.6073 19.57918 19.53842 16.67181 15.35347 14.94053 14.33298 14.19217 14.37316 14.87422 15.92975 19.5051 20.31972 19.71132 19.09036 19.86229 19.01734 16.75733 17.96696 17.66862 16.56397 18.00248 
  20.21878 16.334 18.68714 19.51754 19.46232 16.73536 15.25768 14.97026 14.47858 14.2596 14.28593 14.72117 15.6891 19.27298 20.14007 19.77667 18.9884 19.58334 18.88252 17.17422 18.22998 17.808 16.84334 17.65127 
  20.24773 16.59036 18.78035 19.54943 19.25371 17.01988 15.143 15.05503 14.44893 14.0748 14.18855 14.71094 15.45467 19.16387 20.22633 19.27978 18.61128 19.01416 18.45116 17.15005 18.3811 18.17379 16.0347 16.94055 
  20.36813 16.86284 18.82088 19.74551 19.1543 17.4589 15.55408 15.49614 14.35963 14.20161 13.94026 14.3571 15.41533 18.68323 19.93141 19.28508 18.77661 19.38446 18.65994 17.27596 18.62399 18.14308 16.26101 17.06991 
  20.45372 17.06008 18.79605 20.05247 19.17039 17.77059 16.1179 15.90314 14.68252 14.58921 14.64732 15.13625 16.14479 19.19437 20.76043 19.79687 19.06786 19.31524 18.82345 18.11816 19.09148 17.70853 16.49907 17.07438 
  20.62116 17.16943 18.72205 20.28029 19.06297 17.85871 16.39747 15.90609 15.16025 15.00886 15.1189 15.62259 16.54262 19.95666 21.25552 20.90377 20.06819 21.06075 20.44105 18.43831 19.03349 17.1861 16.13994 17.24171 
  20.76762 17.30892 18.47276 20.45987 18.99029 17.8752 16.3981 15.69304 15.2571 15.09541 15.00194 15.62172 16.66347 20.15776 21.7013 21.23859 20.36229 21.11562 20.52718 18.43867 18.89855 17.75731 15.94593 16.79957 
  20.81095 17.35323 18.28003 20.64105 19.25171 17.91391 16.49072 15.7757 15.51627 15.16797 15.31406 15.75906 16.72236 20.42585 22.00661 21.53406 20.6539 21.43668 21.25421 18.39459 18.76988 18.12677 16.03852 16.81089 
  20.90236 17.26094 18.09388 20.77683 19.76338 17.46337 16.32948 15.32747 15.85829 14.84797 15.10693 15.96964 16.71715 19.97315 21.68965 21.42878 20.18503 21.19036 20.99895 18.2613 18.73737 17.71019 15.77184 16.50152 
  20.88037 17.01572 17.89212 20.79597 20.10154 16.50862 15.99664 14.46651 15.74999 14.52606 14.68424 15.68884 16.55055 19.45509 21.67385 21.33822 19.64797 20.24093 19.99705 17.92842 18.37117 16.42131 15.37567 16.46968 
  20.78732 16.68555 17.58234 20.68876 20.12884 15.09071 15.55779 13.69944 15.2974 14.45312 13.76077 14.82526 16.06356 18.86909 21.10071 20.525 18.53313 18.68129 18.22888 16.88301 16.98485 15.68202 14.79749 15.79085 
  20.41714 16.13298 17.16908 20.49724 19.69217 16.47365 15.56412 15.10124 14.5592 14.94767 14.08449 14.47394 15.32092 19.00619 20.27796 20.03827 18.05813 18.02305 17.85078 16.39005 16.99465 16.23974 14.6672 15.31693 
  19.82991 14.73177 17.1661 19.16492 19.70597 16.57292 14.72076 14.52891 13.6592 13.71362 13.49312 14.8898 16.23294 18.96885 20.64348 20.20312 17.93056 18.00797 18.05134 16.76849 17.53323 15.93855 16.12641 16.92959 
  18.60056 12.3595 14.01986 17.68013 18.64677 15.60781 12.11226 11.53618 11.90096 12.03527 11.98501 12.66424 13.98134 17.12976 18.49543 17.79194 14.71211 14.6991 14.48703 14.83586 15.53583 13.32898 14.41659 15.389 
  16.34402 8.83625 9.543509 13.57287 15.63375 13.79505 10.20226 9.180921 10.38185 10.82454 11.05605 10.64839 11.36329 12.39101 12.93933 12.41336 11.52429 11.60957 11.37758 11.61143 12.10051 12.20496 13.02346 12.91357 
  13.35848 8.459154 9.918117 9.697865 12.24704 12.2956 10.59395 9.517383 10.63416 10.87897 11.32841 11.15255 11.06535 11.17955 11.91157 11.08309 11.51825 11.94614 11.29066 11.89003 12.37586 13.27785 13.36384 13.28372 
  12.26587 6.503648 7.783827 9.770382 10.59833 11.66806 9.513132 9.715808 10.66292 10.83374 11.73213 13.00487 11.84144 12.199 13.47472 12.12752 12.10088 12.19014 12.3585 13.32665 14.1873 16.21015 16.57066 17.37298 
  15.34216 7.326472 8.236022 9.21753 9.541839 10.01945 9.185426 9.16717 10.61493 11.44665 12.18374 13.18026 12.15891 13.80822 13.83179 12.91022 12.92303 14.58373 16.32021 16.62478 15.97077 16.82324 17.15078 17.92476 
  18.58001 11.38519 13.33565 14.88396 15.99025 16.4123 15.73542 15.13469 14.98658 14.49896 15.85482 15.75694 14.25107 16.97045 16.74492 15.41762 15.48323 17.48109 19.35609 19.65227 19.11164 19.88255 20.08472 20.77407 
  18.85178 13.0532 15.18202 16.72786 18.19097 20.22511 20.0839 17.91035 17.46789 17.71615 19.68416 18.53821 17.23783 18.68128 16.08358 11.93251 16.03205 16.71923 15.33371 15.69641 16.07727 18.03822 18.96544 19.57957 
  19.62517 12.76317 14.25289 14.51591 14.80246 18.76185 19.00316 16.42124 16.96474 17.38137 18.0924 15.96514 16.40595 17.11493 14.37836 12.55793 15.60748 16.0687 14.3366 13.61209 13.47496 15.02556 15.65969 15.82627 
  19.6381 14.45306 16.13182 16.87725 17.75011 20.34076 20.99249 19.29853 19.35457 20.6451 20.2313 18.0114 18.24488 18.02534 15.42173 13.54168 16.69904 17.21623 15.52017 14.89074 13.89391 15.41811 15.78213 15.97888 
  20.42068 14.9543 16.70211 17.39868 18.38508 20.54243 21.10123 19.82005 20.13715 21.0961 19.80672 17.68318 17.99487 16.90233 14.30572 13.76151 14.79802 15.97067 14.83477 15.33478 14.03276 15.43696 15.62992 14.80287 
  21.05317 15.23696 17.44465 18.19464 18.84736 21.38502 21.7895 20.89754 21.08997 21.69411 19.94114 18.22603 18.84445 17.36677 14.33348 14.93463 15.35235 17.852 16.57136 14.67047 13.64737 15.52946 15.08976 14.694 
  21.39169 15.70021 17.81054 18.37665 19.08093 21.43888 22.06094 20.67684 21.41447 21.92701 19.70664 18.52289 19.27738 17.06905 13.43191 15.09049 15.2114 17.12234 16.26904 14.51385 13.62808 15.76016 16.34604 14.62731 
  21.55955 16.00717 18.01784 18.66896 19.30865 21.88951 22.28633 21.59732 21.30535 21.91386 19.42589 18.62143 19.75898 16.69163 13.1176 15.39411 15.68374 18.31492 17.65535 14.66625 14.0044 16.21091 16.54671 14.39799 
  21.70786 16.11046 18.03545 18.69344 19.40299 21.98147 22.42415 21.8434 21.4662 21.58145 19.50069 19.0336 19.39704 16.11272 13.0889 15.64639 15.55497 18.43435 18.05739 13.97408 13.35487 15.10349 15.95174 14.48533 
  21.79768 16.12032 18.04215 18.71848 19.46618 22.07088 22.50389 21.93394 21.61877 21.74133 19.81822 19.56938 20.05615 15.87186 13.43223 15.87145 15.67601 18.84367 18.60159 13.30905 13.33165 14.71867 15.55345 14.24042 
  21.87376 16.12014 18.07298 18.77845 19.51849 22.20846 22.5931 21.8926 21.61648 22.033 20.47904 19.881 20.10586 16.34504 13.63329 16.3073 15.69321 18.41413 18.24933 13.51615 13.71389 15.0216 15.90736 14.42155 
  21.8309 16.09183 18.04699 18.79093 19.54999 22.29376 22.65203 21.74433 21.62223 22.33846 20.96609 19.56759 19.31676 15.95573 13.39356 16.47929 15.61035 18.3676 18.34666 14.25391 14.05097 14.9802 15.90826 14.3093 
  21.93217 16.17342 18.0559 18.79686 19.63626 22.29645 22.68384 21.53811 21.4356 22.6301 21.60205 19.80983 19.49847 15.46623 13.18864 15.7191 14.99932 17.90021 17.82185 14.70433 13.73605 14.4894 15.22413 14.09901 
  21.869 16.3206 18.0593 18.82008 19.81524 22.22776 22.62363 21.23302 20.94817 22.53903 21.96794 20.29325 19.86583 15.53333 13.07535 15.38485 15.57808 17.60143 17.23442 15.9267 14.4014 14.98464 16.17682 14.67101 
  21.67146 16.52126 18.04326 18.82006 20.03277 22.01689 22.32735 20.47091 20.26504 21.79434 22.00231 20.5295 19.7717 16.20392 12.75022 14.56851 14.5088 15.2487 14.99152 15.42037 14.29515 15.0377 15.78333 14.344 
  21.43814 16.58536 18.08276 18.87271 20.25178 21.76466 21.77855 19.51939 19.62399 20.99302 22.26135 20.98997 19.96318 16.6966 12.89963 13.60621 14.79304 15.58258 14.97557 14.39803 13.31323 14.45485 15.19234 14.68014 
  21.40202 16.59714 18.04037 18.92076 20.45298 21.7852 20.97898 19.14137 18.89522 19.94012 22.43406 21.46921 20.31652 16.81502 13.16076 12.90725 15.92054 16.42601 15.66164 14.65594 13.6767 14.54186 15.06655 15.36929 
  21.31005 16.56745 18.05222 19.02574 20.70289 22.03373 19.99699 18.90093 18.23713 18.97778 21.76028 21.67579 20.32457 17.9721 13.96287 14.0262 16.51029 16.39471 15.73736 15.68967 13.4997 13.84005 14.19232 15.54634 
  21.11215 16.7227 18.00601 19.20264 20.79847 21.8703 18.89183 18.46808 17.6326 18.19557 20.6365 21.81645 20.35863 18.92238 15.32364 14.3979 15.98748 15.48714 14.49054 15.0514 13.16936 13.98296 13.67403 15.9521 
  20.53121 16.80016 17.51341 19.2553 20.03326 20.30544 17.89189 17.31436 17.0859 17.49878 19.9001 21.2643 20.38587 19.40299 15.77658 15.02026 16.13786 16.18117 15.03241 13.50182 13.14608 13.58068 15.80489 17.34431 
  19.24529 15.04488 16.0101 15.52731 16.3764 16.14672 14.92323 14.5598 14.97352 14.1675 16.9073 18.62179 17.7219 16.75916 14.72913 13.99411 13.04002 13.39721 12.63568 12.64644 12.93336 12.9751 14.35338 15.92939 
  14.36897 10.89778 11.07152 11.55877 11.65999 11.98194 10.78275 9.57184 10.32093 11.1504 11.40477 13.15899 12.93068 11.47027 11.80843 12.28442 12.32571 12.26302 11.93626 12.20581 12.96727 12.46549 12.72765 13.25664 
  12.30632 7.14516 10.55436 10.73421 10.34044 11.59073 9.058091 9.973876 10.73553 11.0205 11.46659 11.3963 11.54683 11.98554 12.71198 12.91044 12.15444 12.08916 12.03022 12.54482 13.05012 12.87989 12.6447 13.0196 
  12.10811 7.920098 10.50024 10.81983 10.69032 11.99071 9.606905 8.95747 10.19543 10.75467 10.66887 10.86618 10.75462 11.22599 10.93341 10.6733 11.09296 11.06384 11.24896 11.81426 12.93106 13.30638 13.16588 12.70223 
  11.72645 7.739438 10.4986 10.51791 9.271757 10.10298 9.558619 9.384321 10.01099 10.98125 11.03228 10.68699 11.55283 11.22514 10.68364 10.59603 11.38829 11.87264 11.56418 11.66584 12.65317 12.85024 12.54966 12.52157 
  11.5326 7.217731 9.920081 9.950056 9.927736 8.954062 9.354289 9.455392 10.56006 10.74602 11.10356 10.61212 11.39302 10.28847 10.88845 10.75202 10.54409 11.49708 11.289 11.62299 11.95364 12.56519 12.06518 12.46402 
  11.63857 7.027007 9.801003 10.3472 9.537147 10.32972 9.2003 10.29124 10.16876 10.68914 10.54793 11.31594 11.62746 11.17873 10.34904 10.39862 10.62545 10.72934 11.2136 11.35909 11.4397 11.71141 11.82206 12.04121 
  11.72643 8.186353 10.63673 10.21268 10.32843 11.60432 9.109532 10.29976 9.736959 10.07297 10.86211 11.04297 10.93312 11.70248 11.48076 11.37598 11.1628 11.48423 11.71763 11.13687 10.91202 11.78376 11.91293 11.46527 
  17.9249 12.4069 13.51005 14.41838 15.02284 15.55334 15.71072 15.47427 15.19689 13.59215 14.42872 15.61176 16.98895 17.90949 18.14704 18.80594 18.79241 18.74938 19.31963 20.46847 19.15466 17.56803 16.84826 17.47117 
  18.47581 13.51666 14.5213 16.21879 16.97051 17.61428 17.87497 17.31913 18.3092 16.7814 18.09038 17.51424 18.72444 19.58619 19.62819 20.79476 20.6828 20.73183 21.84465 22.75764 22.03089 21.17509 19.98637 20.4396 
  18.59825 11.59588 12.91801 14.33995 17.17424 17.76128 16.41499 16.9673 17.46613 16.89341 17.65322 17.0455 17.64207 18.32093 18.40262 19.81055 19.39941 20.00883 21.65159 21.86911 22.27625 21.42386 21.26509 21.34194 
  18.61172 12.62551 12.95599 14.33223 14.80133 15.88873 16.42235 16.78778 16.91788 16.13368 15.96235 16.82048 18.42548 18.80531 18.62354 19.44783 19.43131 20.0071 21.81446 22.03691 22.67293 22.6003 21.99411 21.20238 
  18.68003 11.85463 13.67463 15.33572 16.04446 15.81739 16.34206 16.66667 16.17973 17.02369 17.43196 17.60748 19.64766 19.38827 18.45059 20.58345 20.41526 20.76843 22.30083 22.29593 22.22963 22.04524 21.69382 21.30521 
  18.63125 14.08462 15.13896 16.16843 16.68689 15.76566 16.809 16.5959 16.7165 16.85055 16.7617 17.14474 20.01988 19.61573 18.38822 20.40573 20.64169 21.31991 21.84782 21.80218 21.95272 21.22803 20.37062 20.76607 
  18.31185 13.11681 14.8727 16.7913 16.35476 16.54171 15.7518 15.52731 16.7645 16.9494 15.85737 16.96247 18.69716 19.2571 18.67221 20.99826 20.24974 20.9661 21.4078 21.07149 21.44291 20.71384 20.10993 20.64355 
  18.00056 12.13066 14.72485 15.4729 15.24857 15.36708 15.74597 14.82717 16.17201 16.62252 15.58831 16.69629 18.30938 19.30899 18.68535 20.90438 19.86091 20.70518 20.55217 20.5715 20.49661 19.86551 19.0983 19.42211 
  17.47253 12.76423 14.33034 13.24454 15.14301 15.67197 15.81768 15.7573 15.32594 16.54124 15.91523 15.96956 17.95944 19.0631 17.97122 20.78769 19.42577 20.11522 19.9381 20.21039 19.82158 19.16034 18.39864 18.51226 
  19.87102 16.37536 17.48813 17.15656 17.68329 15.99094 15.12395 15.23966 14.56297 14.75245 14.91701 15.45572 15.91056 17.03325 17.2738 18.8582 17.69636 19.18378 19.0625 18.74109 18.20369 17.93598 17.01213 16.77872 
  20.76446 17.73896 18.89927 20.1145 20.82751 18.52825 17.02796 16.3225 16.28816 15.93792 16.304 17.09012 19.03925 20.66854 19.85479 21.07964 19.51106 19.14729 19.28356 17.68843 18.31125 18.80375 17.78826 17.07476 
  21.15726 17.31489 19.1753 20.4679 21.14264 18.88522 16.98079 16.27786 16.40783 16.06141 16.38157 17.34496 19.77054 21.78052 20.9117 22.328 20.54274 21.05276 21.2095 18.64588 18.85422 18.49716 17.59189 18.97891 
  20.94211 16.8272 18.92572 20.42407 20.50516 18.70444 16.86534 16.10917 15.7818 15.48458 15.7493 16.64604 18.66023 21.17211 20.81174 21.97242 20.47249 21.7787 21.65669 19.05803 19.26737 18.9406 17.4591 19.34632 
  20.70071 16.4913 18.82146 20.22844 19.95095 18.36046 16.4978 15.56169 15.17742 14.93823 15.25265 16.09991 18.141 21.10209 20.74642 21.29971 19.82831 20.93093 21.14479 19.0104 19.21695 18.34066 17.18803 19.15683 
  20.53015 16.28744 18.73587 20.12918 19.58192 17.91029 15.66253 14.87465 14.89279 14.82731 14.91891 15.74431 17.38136 21.08971 20.78315 20.99834 19.60503 20.42662 21.10724 19.08566 19.37756 18.34222 17.24779 18.87081 
  20.44052 16.18733 18.68095 20.00987 19.25586 17.64823 15.48158 14.60958 14.82371 14.7352 14.86819 15.33295 16.88221 20.54976 20.47046 21.07399 19.90358 20.47522 21.213 18.85147 18.95298 18.75231 17.05297 18.50743 
  20.38286 16.0461 18.5952 20.02302 19.06599 17.4273 15.53454 14.61116 14.39748 14.70184 14.49087 14.93588 16.41774 20.26571 20.64589 20.70562 19.84852 20.35235 21.10689 18.79824 18.80688 18.58449 16.94438 18.54152 
  20.33488 16.06188 18.56624 20.00138 18.84226 17.23665 15.28812 14.50174 14.43569 14.61222 14.48965 14.55762 16.21127 20.00076 20.65692 20.52425 19.8152 20.27381 20.95809 18.80955 18.92509 18.55852 17.10605 19.04963 
  20.29172 16.07517 18.52275 19.89631 18.6619 17.07766 15.17585 14.37356 14.21792 13.88354 14.29479 14.44887 16.07943 20.42696 21.15085 20.84485 20.1363 20.54465 21.06445 18.97924 19.04571 18.75766 17.07778 18.89591 
  20.26616 16.143 18.51932 19.81791 18.58074 17.11751 15.17525 14.66875 14.28242 14.03624 13.92239 14.45795 16.01307 20.64406 21.17908 21.06541 20.32415 20.5554 20.93621 18.83523 19.05293 18.72516 16.86172 18.95351 
  20.24357 16.16218 18.55542 19.77958 18.55696 17.11849 15.16026 14.5351 14.10737 14.01202 13.98342 14.66531 16.29246 20.90291 21.49431 21.34724 20.54579 20.50233 20.97428 18.99682 19.26121 18.56459 16.71882 18.48749 
  20.21113 16.16169 18.52493 19.72004 18.58631 17.13254 15.18484 14.43762 14.10664 14.12522 14.4281 14.66277 16.17955 20.69651 21.45881 21.36157 20.50773 20.50145 20.95972 18.88939 18.91062 18.35739 16.41305 18.72325 
  20.13049 16.16174 18.54841 19.6356 18.55482 17.02621 14.92325 14.26895 13.9994 14.07974 14.08342 14.8369 16.15302 19.96552 21.30139 21.3306 20.53549 20.35224 20.88049 19.07473 18.92492 18.4478 16.25136 18.34464 
  20.04453 16.11175 18.53864 19.50165 18.50926 16.93387 14.80717 14.55488 14.12607 13.84052 14.15959 14.63108 15.94456 19.72853 21.09336 21.13872 20.47847 20.25839 20.57821 18.51306 18.63653 17.98225 15.81217 18.58546 
  19.96363 16.07924 18.4883 19.35156 18.41538 16.66469 14.89953 14.2305 14.05261 13.45131 13.65647 14.44946 15.77369 19.71799 21.11297 20.92093 20.25004 19.78136 20.21597 17.96522 18.16904 17.4671 16.11615 18.60793 
  19.93769 15.98404 18.47552 19.33741 18.39289 16.52286 14.78713 13.95425 14.21658 13.62572 13.87572 14.43307 15.66837 19.69699 21.41736 21.05417 20.11393 19.6685 19.90186 17.68417 18.01007 17.35252 16.18524 18.07867 
  19.92243 15.78092 18.379 19.45514 18.4241 16.49642 14.85542 14.08263 14.03962 13.54995 13.7701 14.15397 15.20544 19.56869 21.49344 20.82656 19.97325 19.5974 19.93613 18.35808 18.71509 17.63574 16.14185 18.0555 
  19.83691 15.56981 18.2668 19.44061 18.41594 16.22476 14.61898 14.01001 13.61302 13.2859 13.46107 13.94056 15.05992 19.07722 21.33106 20.29557 19.48232 19.23218 19.49222 17.73319 17.78596 16.87 15.75062 17.8334 
  19.72818 15.42137 18.16528 19.31072 18.40243 16.14193 14.51954 13.65893 13.28474 13.29422 13.33115 13.73681 14.96312 18.57197 20.4353 19.96214 19.08004 18.50661 18.7194 17.60061 17.28372 15.71366 15.06427 16.63452 
  19.6436 15.33789 18.06677 19.11986 18.39142 16.02592 14.2624 13.5862 13.16076 12.99417 13.43379 13.77013 15.0255 18.55854 20.01622 19.69898 18.37953 17.70148 17.45598 16.09848 16.13875 14.47184 13.93116 15.75699 
  19.48158 15.26284 17.96099 18.88097 18.28384 15.89349 14.30379 13.7143 13.22111 13.10777 13.42259 13.951 15.23266 18.59643 20.26643 19.8447 18.49755 17.56258 17.00145 15.54424 16.48996 15.873 15.22253 16.53948 
  19.13975 15.04588 17.70673 18.52639 17.86751 15.6536 14.01937 13.52343 13.6625 13.08742 13.51142 14.43855 15.33533 19.37796 20.90848 20.24765 18.81071 17.85386 17.14792 17.10852 17.67008 17.1743 17.00274 18.02251 
  18.53746 14.61057 16.6917 17.23893 16.59205 13.74449 11.75058 12.13524 13.25876 13.2473 13.37244 14.01254 14.41823 17.53184 19.30873 19.43449 17.73795 16.63977 16.65831 16.01276 16.43532 16.03266 16.69035 17.40702 
  17.42364 14.46881 15.8747 15.66951 15.803 14.37762 12.60032 12.60845 13.01084 13.03022 12.76823 13.36846 14.70573 18.31991 19.49734 19.45979 16.98697 16.49598 16.33543 15.1997 15.68044 15.78116 16.9368 17.3538 
  16.57857 11.49403 13.12319 14.35827 14.61662 12.70354 10.23428 11.00144 11.45801 11.16766 11.57068 10.53993 11.34028 17.0683 17.97802 17.36817 14.84681 14.71028 15.85251 14.72157 13.52001 14.48963 15.28016 14.91186 
  13.01406 7.733153 10.49816 11.07535 10.09516 9.56382 9.964621 9.859103 10.73038 10.83367 11.38825 10.14836 11.26274 14.77266 15.4333 15.14362 14.12231 13.14319 12.7274 12.05315 12.35061 14.63019 15.64632 14.50968 
  12.36113 8.663167 8.345797 10.00276 11.56939 10.46974 9.533797 9.789447 10.50739 11.18862 12.25633 11.31297 11.18074 13.89491 14.63302 14.59092 12.71369 12.44311 12.02967 11.2256 12.6379 13.67775 14.78224 14.38478 
  12.16587 8.287876 9.670975 9.625044 10.40805 9.736231 9.341624 9.503565 9.900372 10.56843 10.83384 10.01734 11.13714 13.01892 13.32404 13.65064 11.42113 11.86504 11.71065 11.15789 11.90813 12.72678 14.9948 14.50073 
  12.02483 7.246439 10.13057 10.49637 10.4465 10.91829 9.543816 9.616649 10.03212 11.03995 11.71141 10.11639 11.11186 12.24846 11.52921 11.29926 11.22643 11.66085 11.48762 11.2859 11.31561 11.40997 13.01299 13.00517 
  12.15733 7.997516 10.30241 11.18413 11.73714 10.97376 9.917727 10.22044 10.49837 10.41142 10.6141 10.62368 10.62977 10.10777 10.96416 10.64959 10.99331 11.01777 11.67315 11.28033 10.96033 11.00564 12.05262 11.77336 
  12.01118 7.78887 10.20119 10.30183 10.59161 10.92715 9.688975 10.10545 10.43748 10.66527 10.63014 10.47997 11.23645 10.14514 10.72619 10.68439 11.15167 10.8928 11.58441 11.58074 11.64595 11.48578 11.48392 11.55963 
  11.65798 7.040006 9.523046 10.28407 10.29188 10.42313 9.645309 9.931679 10.27195 10.74971 10.76437 10.43389 10.81741 10.28729 11.24104 11.23647 11.52575 11.38226 12.22913 12.31059 11.68352 11.14875 11.32773 11.31816 
  11.66138 8.283623 9.743421 10.19087 9.415752 9.932768 9.454556 9.993004 10.03583 10.813 10.73398 11.26322 11.84821 11.38657 11.20324 11.41502 11.78578 11.93378 11.72373 12.2657 11.53511 11.51941 11.13529 11.63663 
  11.91973 8.661736 11.00518 10.74521 10.07161 9.445863 8.833455 9.339083 10.01097 11.1379 10.17997 9.885216 10.88098 10.80624 10.69826 11.36704 11.34096 11.86912 11.12614 11.40431 11.63028 11.16874 11.21819 11.70326 
  11.92779 8.102427 9.841548 10.71671 10.33406 9.544503 9.711569 9.661427 10.83813 11.28874 11.08767 9.781507 9.902607 10.98213 10.73333 10.56847 11.00309 11.44082 11.23009 11.27193 11.31461 11.21863 11.51053 11.45388 
  11.52913 6.604953 10.25744 10.73234 10.34445 11.40621 9.704388 9.112985 10.54591 11.19266 9.85828 9.348512 9.895961 9.576427 9.272435 10.22144 11.06108 11.50646 10.81022 11.10924 11.3435 10.69026 11.28419 11.47757 
  11.3517 6.230783 9.935028 9.801432 8.621226 10.30326 9.639834 9.33095 10.53794 10.33494 9.340613 10.49905 11.33187 10.29258 10.07 10.14316 10.74953 11.16115 11.21796 11.19626 11.09605 10.78985 11.07089 11.80035 
  13.9566 6.383767 9.402309 9.398884 8.409541 9.70268 8.939189 8.658308 9.42159 10.57215 11.27148 11.98084 12.72738 12.90811 14.82373 14.15612 15.79046 16.99542 17.64013 16.96438 15.52294 16.16035 15.4123 12.85247 
  17.69531 10.52811 11.37084 11.37069 9.789168 11.08797 12.52102 13.08306 12.99932 12.3932 12.66615 14.1672 15.59623 15.48002 16.38314 15.28611 17.08525 18.12119 18.81199 17.98376 16.33614 17.1704 16.44784 14.18584 
  18.73958 15.14905 16.98309 17.77816 18.01917 17.75313 17.97561 17.52707 16.7199 15.67994 15.72833 18.76147 20.15178 19.42425 18.79583 17.56103 17.35508 17.81798 18.25113 17.50252 18.86084 18.74877 17.42527 17.89892 
  20.0771 15.69226 17.48744 18.11341 18.56874 20.55406 19.34929 18.65139 17.16576 16.73348 17.55443 19.65238 20.23026 19.41574 19.7136 18.01649 17.42125 18.41491 18.78142 18.20277 19.83519 20.129 18.84797 19.04863 
  20.66829 15.7916 17.80156 18.40303 19.42556 21.31978 20.75047 18.77815 17.23055 17.02374 17.56629 20.66234 21.02233 20.44052 21.04573 19.65431 19.07115 19.83062 20.22817 19.2797 19.65009 20.91124 19.6664 17.93019 
  21.05371 15.9697 17.99446 18.6189 19.48351 21.50908 21.41228 19.34696 18.08881 17.83298 18.42182 21.89363 21.58889 20.23209 20.77019 19.19483 19.38323 20.56041 21.41495 20.41498 19.74594 20.70273 19.97193 18.9978 
  21.35184 16.03383 18.12775 18.64238 19.45592 21.90046 22.027 19.64078 18.12407 17.86844 18.71209 22.01897 21.38924 20.19524 21.14396 19.30267 20.08504 20.97026 21.95288 20.87645 18.93964 19.73521 19.18802 19.33887 
  21.63944 16.10505 18.26388 18.83666 19.36374 22.03969 22.53701 20.3121 19.22075 18.52418 19.80599 22.29427 21.28812 20.96156 21.73427 20.11335 19.64784 21.38665 22.23048 20.8753 19.7628 20.58954 20.06403 19.3737 
  21.71343 16.16372 18.4082 18.94613 19.34815 22.08891 22.7909 20.64628 19.75338 19.22898 20.58076 22.25646 21.28658 20.61108 21.49057 19.69491 19.49957 21.5338 22.38102 20.9783 19.18484 20.27545 19.52786 19.02533 
  21.62033 16.33388 18.46217 18.83448 19.38605 21.8725 22.67922 20.32539 19.3256 19.14302 20.91703 21.65208 20.22678 20.2654 21.2473 19.0576 19.02699 21.59875 22.3888 20.66152 17.79719 19.37951 17.83336 17.69253 
  21.57142 16.52242 18.54281 18.86962 19.4434 21.68516 22.57533 20.79622 19.40511 19.53273 21.54551 22.25541 19.19409 19.85959 20.61062 18.75443 18.48609 21.31166 22.2784 20.32884 16.99548 18.71206 17.35209 17.26274 
  21.67736 16.66707 18.57105 18.9643 19.64978 21.78972 22.68796 21.36221 19.57207 19.92334 22.08569 21.88926 18.61232 19.11901 20.19674 18.44065 17.92298 20.73565 22.04142 20.08775 16.87164 18.05027 17.40642 17.13297 
  21.76723 16.81644 18.58156 19.03602 19.76721 21.97784 22.70031 21.58595 19.56186 20.4141 22.10699 20.87922 18.05685 18.67197 20.29453 18.22515 17.97124 19.62249 21.13519 19.26652 16.96745 17.65883 17.19564 16.35657 
  21.58925 17.14766 18.48858 19.07325 19.41681 21.97302 22.53616 21.53074 19.48633 21.40966 22.75804 20.58914 18.88565 19.17313 20.98117 19.25774 18.60511 20.06618 20.81596 19.3368 16.56276 17.17783 16.30712 16.06773 
  21.03898 17.21538 17.25385 17.46438 17.96697 20.26871 21.0161 20.63447 20.7349 21.06937 21.70037 19.37119 17.36303 17.74802 19.8799 17.93594 17.72032 18.95221 18.93163 18.04202 15.90359 16.03872 15.54135 16.32189 
  19.78294 17.13113 16.77148 16.73154 17.60162 18.80279 19.30122 19.76705 19.78086 19.66853 19.58229 18.19684 17.20336 16.48029 18.29084 17.04664 16.45537 17.42812 17.44649 16.81814 16.83901 16.33906 16.38818 16.2038 
  19.28857 17.39611 17.12523 16.29672 15.87425 14.88406 14.96846 16.01369 16.44017 16.57015 16.52321 18.56846 18.54585 18.18941 18.17076 19.16297 19.3014 19.54647 20.03847 20.20889 19.70905 19.89892 19.32547 19.20746 
  18.91944 14.69459 15.97726 15.5238 15.01039 14.41367 14.04042 14.13281 14.75115 15.50756 17.46297 18.60014 18.63474 18.84599 19.99255 20.63459 20.25296 20.37683 20.99797 20.84519 21.34824 21.61125 21.45365 20.90498 
  18.39288 13.91116 14.20623 14.20275 13.74941 13.88428 14.13907 15.11452 16.41325 16.90906 17.67751 17.69876 18.29243 18.69661 20.64239 20.96699 19.72814 20.2654 21.40757 21.47628 21.34824 21.75918 21.72112 21.06587 
  18.35731 13.74722 12.73304 13.26328 13.7745 14.5512 14.43509 14.81207 15.60983 17.21286 17.34596 17.83925 17.78592 18.57964 20.30014 19.95224 20.03634 20.81877 20.97082 20.73414 21.47788 21.42799 21.45834 21.32927 
  18.11408 13.45147 13.31341 12.63623 13.26561 14.11925 14.56523 15.42806 16.27488 16.84328 17.0842 17.82404 18.7768 19.37109 19.79751 20.3354 20.21 20.2097 20.82962 20.76476 21.22518 21.25696 21.26239 21.85151 
  17.9074 12.34386 12.04837 10.50162 11.76161 12.67351 13.0932 15.94773 16.09703 16.1673 17.63812 18.52136 18.91763 20.14237 20.62607 20.4614 20.05782 20.05267 20.24952 20.13971 20.2363 20.55677 20.62828 21.20958 
  17.64843 10.93306 10.4846 11.1728 12.08168 12.90567 12.85263 14.63934 15.52379 15.42258 17.73951 18.1983 18.16031 18.25753 19.39463 19.53386 19.49431 19.68011 20.01766 19.90107 20.49064 20.28106 20.77057 21.38886 
  17.11945 9.718394 8.949632 11.40544 12.03658 13.254 13.65407 14.27448 14.86687 16.88886 18.29156 17.83721 18.46859 18.09293 19.07017 18.95824 18.98768 19.2992 19.91269 19.50676 20.25215 20.35541 20.10623 20.2449 
  16.58874 9.977418 11.1713 12.66246 12.09782 11.91157 13.5232 14.25154 16.40199 16.97652 18.51432 17.28248 17.59041 17.76791 18.13864 18.08491 17.70923 18.82475 19.34496 19.13103 19.75645 19.10162 18.16812 18.25187 
  15.56182 10.49802 11.2777 11.84768 11.65918 11.89077 12.27631 13.26067 14.33026 16.02203 16.24409 15.44416 14.58886 14.55226 15.41674 15.36346 15.25218 15.81761 16.62944 16.73953 16.37099 15.65479 14.92896 15.34205 
  12.78059 9.355655 9.933539 9.71552 9.612468 10.83876 9.667119 9.933675 10.87039 11.00214 10.51772 9.667597 10.20256 10.63208 12.89184 11.77283 11.70076 11.54377 12.03801 12.1558 13.02253 12.61872 12.35338 12.73746 
  12.42199 6.987623 10.64826 10.68886 10.17564 10.15686 9.664719 8.42618 8.96794 10.65918 10.82838 10.36706 10.67148 10.09012 10.72092 10.94981 10.61911 10.65609 11.33055 11.08247 11.71919 12.34785 12.12846 12.42533 
  11.78817 6.3971 10.40319 11.018 10.17063 9.830078 9.281042 9.151374 10.37499 10.28399 11.24619 10.09788 10.29233 9.680161 10.10331 9.969264 10.95874 10.72473 11.424 10.77012 11.27296 12.10407 12.16172 12.37041 
  18.50018 11.89454 13.86717 15.23684 16.39236 17.23276 16.76539 16.82851 17.62385 16.24603 13.16817 12.42421 12.40685 12.82647 13.95505 16.49267 16.47387 16.05437 17.06844 17.09202 16.97017 16.667 15.46863 14.91258 
  18.77851 13.04599 15.1507 16.56075 17.7669 19.35623 20.07258 19.02363 20.2459 19.37473 14.7222 13.57503 13.17909 13.43339 14.74996 18.09011 17.84818 17.3665 18.72651 18.54016 18.30803 17.99793 16.59379 16.21228 
  19.82247 14.37336 16.3219 17.31822 17.56469 19.21803 20.06955 19.73828 20.81086 19.22682 17.41753 15.53859 14.57613 14.39708 16.68818 19.27459 18.40065 17.8558 19.35569 19.2368 19.06516 19.25132 16.96477 16.48073 
  20.41998 15.00591 16.91536 17.52253 17.96532 19.77089 21.14234 20.96031 21.15696 20.3933 16.98783 15.6771 14.80373 14.59066 17.69544 19.99832 18.70966 18.28049 19.81073 19.496 19.13531 19.18552 16.52882 15.77708 
  20.83156 15.51021 17.49952 17.88947 18.37185 20.18118 21.72253 21.5978 21.60289 21.07042 17.48057 15.56107 14.57815 13.93973 17.75314 19.82289 17.89061 18.36678 20.18863 18.64257 18.85607 18.88368 16.00185 15.2149 
  21.14791 15.83877 17.85357 18.02091 18.60245 20.56796 22.12369 21.71001 21.8541 21.33068 18.01901 16.50027 15.29294 14.61819 19.53422 21.16923 18.78426 20.00768 21.43487 19.35614 19.80281 19.20211 15.55791 15.6583 
  21.25535 16.1017 17.93671 17.83588 18.72017 20.68226 22.22414 21.6931 22.1723 21.42976 17.83548 16.26672 14.98151 14.40296 19.89451 21.3229 18.9259 21.00969 22.20522 19.8734 20.44646 20.0855 16.96733 16.40578 
  21.40734 16.28275 17.9843 17.74948 18.84795 20.70359 22.3178 21.86577 22.30788 21.93399 18.21512 16.70127 15.36985 14.93147 20.22819 21.40775 19.27451 21.43052 22.56421 20.20233 20.68758 20.21195 16.60556 15.95363 
  21.58568 16.37235 18.01246 17.75555 18.89087 20.67814 22.47426 22.18758 22.6764 22.46752 18.35843 16.76219 15.5309 15.19653 20.49142 21.63544 19.24858 21.5895 22.72527 19.81619 21.00317 20.09583 15.69723 15.433 
  21.60505 16.29301 17.93666 17.63965 18.80439 20.65336 22.4615 22.20844 22.81603 22.52141 18.58866 16.89796 15.61483 15.33266 20.58692 21.66371 19.38116 21.57033 22.80678 19.84516 20.9238 20.02548 15.98551 15.72984 
  21.5502 16.21111 17.91401 17.6202 18.77032 20.6161 22.36601 22.21139 22.4507 22.20441 18.62022 17.18261 16.15549 15.28153 20.63965 21.87756 19.5406 21.41113 22.7861 20.28207 21.0534 20.27206 16.67634 16.63197 
  21.53152 16.13234 17.75258 17.58969 18.60662 20.47311 22.53564 22.17393 22.33809 22.16451 18.5223 16.74429 15.40937 15.27662 20.55216 21.68893 19.07285 21.13395 22.5635 19.90926 20.78338 19.87456 15.37105 15.76602 
  21.41729 16.00221 17.45267 17.24327 18.25765 19.92188 22.51401 22.11072 22.27662 22.17675 18.89388 16.92566 15.67727 15.42468 20.29853 21.44078 19.15811 20.56885 22.14705 19.25291 20.36438 19.39572 15.70815 15.60316 
  21.32832 16.11011 17.7577 17.6611 18.58655 19.92289 22.19175 21.68975 22.45024 22.09022 19.69857 17.60715 16.50287 15.84565 20.53217 21.8991 19.50576 19.32341 20.29203 19.98012 20.01791 19.75051 17.87879 17.11625 
  21.3867 16.09289 17.6139 17.82746 18.60432 20.10409 22.37601 21.94928 21.91126 21.61822 19.07809 16.76263 15.86594 15.70455 20.36289 21.29832 18.94005 19.30419 20.56927 19.26451 20.31661 19.92058 16.55249 16.68823 
  21.4162 16.14302 17.80456 17.84412 18.67505 20.10641 22.40791 22.00124 22.05855 22.40405 19.58298 17.62532 16.44801 15.82645 20.46558 21.58185 19.48856 19.08874 19.97919 19.49901 20.28115 20.03791 17.85782 17.38759 
  21.45857 16.18441 17.88037 17.99332 18.82804 20.1839 22.44683 21.99175 21.85662 22.37618 19.83532 17.72147 16.49811 15.88671 20.69833 21.64022 19.2285 19.06421 19.8728 19.08773 20.34074 20.03974 17.58584 17.26387 
  21.5062 16.23288 17.87077 18.00901 18.79189 20.15822 22.35541 22.2097 22.06911 22.51434 20.51297 18.06637 17.00445 16.51684 20.51476 21.23207 19.48927 19.26954 19.89904 18.45381 20.04996 19.92542 18.14862 17.70376 
  21.59563 16.29898 17.91353 18.04438 18.82102 20.13372 22.30346 22.18394 22.10878 22.37951 20.88053 18.20696 17.0057 16.46535 20.6731 21.68068 19.42791 19.09785 19.80523 18.72807 20.21964 20.24884 18.2151 17.55 
  21.62914 16.37579 17.90643 18.11886 18.83931 20.06884 22.30707 22.18863 21.75638 22.52583 21.13412 18.44678 17.22756 16.90455 20.69562 21.3818 19.61465 19.13177 19.53964 17.92408 19.87032 19.73722 17.57462 17.04549 
  21.57016 16.4196 17.9491 18.09419 18.80853 20.03725 22.40894 22.32012 21.92603 22.9427 21.83942 18.8212 17.53567 16.88839 20.51946 21.32536 19.90569 19.22092 19.4916 18.31836 19.47727 19.60624 17.0814 16.56545 
  21.34184 16.50349 17.87933 17.98504 18.74052 19.92676 22.00186 22.0199 20.91818 21.90832 21.44556 18.70523 17.41324 16.66256 19.595 21.07796 19.36491 18.96169 19.18458 18.43524 19.15737 19.47464 16.65479 16.60873 
  21.12775 16.55766 18.06779 18.01348 18.85719 19.89025 21.93898 22.01412 21.54837 21.72169 21.89274 19.9172 18.25493 17.46388 19.71779 21.67021 20.21908 19.07243 19.16517 20.78102 20.41828 19.99629 18.62285 17.93214 
  21.01805 16.5348 17.9429 17.9139 18.64459 19.60093 21.78008 21.43851 19.63463 21.04302 22.19872 19.81005 17.87388 17.04879 18.74003 20.77891 19.63314 18.96272 18.96926 19.32419 19.26712 18.66027 16.13123 15.96194 
  20.90023 16.53563 17.91098 17.87516 18.66746 19.78182 21.54863 21.25758 19.97195 20.51312 22.52319 20.9868 18.24479 17.38147 18.00426 20.43698 19.78773 19.25628 19.06618 19.33228 19.48148 18.42363 16.23387 16.22267 
  20.94513 16.4488 17.91745 17.9608 18.76523 19.90405 21.99571 21.10105 19.41726 19.80011 22.16033 21.58586 18.76316 18.01248 17.99427 20.38704 20.04784 19.5438 19.22207 19.06698 19.36382 19.00425 15.6507 16.06349 
  20.95457 16.40055 17.82903 17.85985 18.63862 20.15061 21.83036 21.22406 19.97943 19.68324 21.93416 22.16973 20.09395 19.15526 19.12333 20.53821 20.68756 20.08154 19.6266 20.08923 20.83382 20.22219 16.73371 16.65987 
  20.80745 16.31413 17.77123 17.76353 18.59214 20.36371 21.99015 20.48592 19.47261 19.09705 20.72577 21.64514 19.91991 18.78772 19.21062 19.4017 20.06577 20.09301 19.26951 20.02501 20.83171 20.01464 16.57114 15.48519 
  20.53139 16.26569 17.68497 17.6853 18.55359 20.52129 21.33333 19.86314 18.5515 18.62861 20.08374 21.42889 20.34976 19.21459 19.19768 19.4974 20.1673 19.48878 17.65098 19.82984 20.59962 19.91486 16.03442 16.3824 
  20.34607 16.23974 17.66231 17.70797 18.63158 20.40974 20.34418 18.80601 17.79656 17.9442 18.69577 21.19427 20.70611 19.30685 19.04518 19.37474 20.31883 18.27836 18.24554 18.96446 19.81498 19.08799 15.13817 16.49968 
  20.13937 16.25473 17.63835 17.68262 18.836 20.50552 19.3874 17.90664 17.40689 17.54708 18.22498 20.40789 21.10316 19.81796 19.95707 17.67193 18.75699 18.36734 18.90701 18.45833 19.22563 18.53846 15.79807 16.84183 
  19.86423 16.38334 17.5243 17.45677 18.38714 19.82175 18.84137 17.57163 16.79923 16.74683 17.07421 19.41002 20.97782 20.45127 19.85822 17.14448 18.64553 18.64203 18.42375 18.22997 18.385 17.04938 15.84104 16.39967 
  19.35002 16.20193 17.17015 17.18392 17.97655 19.30034 17.58352 16.84021 16.36025 15.8853 16.50487 18.32302 20.61128 20.08017 19.88429 17.49449 17.8129 18.49408 17.91575 17.22721 16.95624 16.16479 15.12936 15.23016 
  18.78671 15.78449 16.90942 16.60287 16.72661 17.88062 17.0406 15.92835 15.33653 15.0254 15.32182 16.5197 19.00512 19.07047 18.77059 16.31316 16.67131 17.6945 16.60797 15.71325 16.31936 14.85787 14.51258 15.39845 
  17.89092 15.28928 16.18921 15.9259 15.29455 15.6419 15.69847 14.70773 13.91624 13.37876 13.69075 14.34876 17.35434 17.7909 17.17484 14.87137 14.77385 15.98755 14.29079 13.29875 14.1869 14.51728 14.51417 15.04213 
  17.00302 14.20024 14.04944 13.93794 12.99479 13.50189 13.09247 12.76901 13.35856 12.57654 12.026 12.7481 16.00945 16.59819 15.73239 14.23602 12.46773 14.26856 13.95728 12.55975 11.83992 13.16345 13.32481 14.1491 
  15.7236 13.9424 13.80133 12.96693 12.38361 13.13066 12.01653 12.38458 13.41443 12.75363 12.2485 12.39351 15.13688 16.431 16.26258 14.74923 12.79816 14.08469 14.20116 12.59578 11.72896 12.24271 12.21661 13.33296 
  14.96886 11.38581 12.17637 10.74135 10.49015 10.87937 9.973469 11.53964 12.26973 11.77854 11.21599 11.29597 15.32851 15.49323 14.34031 13.0593 12.50405 13.78749 13.83759 12.21371 12.27849 13.1201 12.0503 13.24336 
  12.8144 8.635355 10.02368 10.15705 10.22187 10.60036 10.02588 11.4489 11.89564 10.79598 12.01337 12.64643 14.49203 14.3668 13.61498 11.73888 11.69139 13.71799 13.48455 11.97886 12.62659 13.23763 11.88348 12.29025 
  12.32314 7.534301 9.601196 9.773288 9.054105 10.18002 10.41669 10.35746 11.34189 11.68328 11.23343 11.45317 12.80415 12.84187 13.21849 11.42125 11.10287 13.15341 13.59178 11.79699 10.86104 11.76895 11.47623 12.00973 
  11.573 7.558185 8.418066 8.967022 9.443499 9.1811 10.10712 11.11255 11.57311 11.21763 12.17616 12.42346 12.32489 12.12114 12.51989 11.17663 11.06378 12.45076 12.45634 11.6132 11.81698 11.7962 11.23682 11.92562 
  11.83137 6.949454 9.174212 9.140471 10.43825 10.49727 9.647985 11.16343 10.74872 11.51203 10.98319 13.43458 12.73086 11.93565 12.34329 11.64833 11.14839 11.88705 11.86151 11.41273 11.71075 11.6816 11.47718 11.84972 
  11.97737 7.725161 11.34066 11.02399 10.18059 9.810109 9.618751 9.186123 10.10461 11.02502 11.15527 12.43569 12.21354 11.56457 12.06306 11.1178 11.1339 12.06121 11.74849 10.96631 11.31736 11.51207 11.22548 11.71625 
  11.93875 8.263426 10.02238 10.23002 9.284251 8.893055 8.88471 10.24549 10.80771 10.96481 11.57 12.36024 12.03161 11.53655 11.43571 10.12187 10.60298 11.47662 11.96668 11.039 10.78837 11.09131 10.71709 11.67453 
  11.49605 6.32475 9.653362 10.52182 10.39442 9.209788 9.408596 11.27305 10.73454 10.19359 12.05553 13.04709 11.87679 11.09366 11.17829 10.55756 10.55596 11.18437 10.54909 10.57971 10.95721 11.37905 11.3391 11.6689 
  11.82433 6.955792 9.104398 10.48609 10.62621 8.817028 8.393167 9.616426 10.37727 10.63384 11.34695 13.37563 12.07618 11.25651 10.24576 10.40548 10.88781 10.8971 10.7517 11.25294 11.17286 11.14059 10.73865 11.46758 
  11.66477 7.598182 10.37332 10.99985 10.25578 10.14892 10.02773 10.24003 9.699965 9.7416 11.20459 12.14357 11.36039 9.867139 11.0098 11.2838 11.18765 11.18386 11.23615 10.91436 10.61874 10.60065 10.87099 11.39888 
  11.51608 6.27314 9.188298 9.701944 9.271661 10.41271 9.896329 9.434873 10.63201 10.65865 11.04819 11.18964 10.5276 10.6398 10.5774 10.8946 10.68805 10.64168 10.56272 10.82916 11.0572 10.82364 10.78495 11.47263 
  12.06883 8.148877 9.820561 10.10449 9.957927 10.54606 9.967456 9.046073 10.47092 11.19397 10.40339 10.59968 10.50271 9.996992 10.56406 10.88412 10.90051 11.50045 10.58443 10.9044 10.93477 11.09268 11.12714 11.46158 
  12.08919 7.695453 11.01315 11.44906 10.26425 9.368763 9.827499 10.02084 10.66475 10.97066 10.11796 11.23276 10.83551 10.29556 10.36203 10.37297 11.40743 11.24078 11.75905 11.93217 11.36997 11.07329 10.95878 11.74777 
  11.918 5.879822 9.786345 10.21593 9.236189 9.51741 9.202983 10.0927 10.99013 11.22105 12.34856 11.81355 10.77218 11.40101 11.20999 11.01934 11.07445 11.73595 13.17985 12.74583 11.52758 10.96057 11.30671 11.99884 
  11.25208 7.053002 9.241722 9.166083 8.761194 10.52789 9.897174 11.58799 10.29284 10.00873 12.22715 11.86976 11.17672 11.55329 10.38554 10.23697 10.12655 11.24741 12.28514 12.28582 11.37942 11.20193 11.32759 12.13332 
  11.57103 6.243646 9.534417 9.967902 8.978712 10.09738 10.06556 10.83713 10.54459 10.55134 11.96221 11.74438 10.83539 11.18555 10.69353 10.12076 10.7044 11.51844 11.7861 11.90305 12.09929 11.14981 11.34014 11.77216 
  11.81495 6.045041 10.11231 10.51872 9.489948 9.182827 10.71856 11.45185 10.67755 11.33323 13.58062 13.16902 11.75706 11.2499 10.92354 10.52964 11.10548 11.64977 11.58578 11.63489 12.13036 11.44056 11.87833 12.50029 
  11.89508 7.472526 10.32766 10.54209 10.04107 10.15074 10.40029 10.4095 10.11319 11.38787 12.98981 12.68306 11.49429 11.16201 11.41909 10.56292 10.56024 11.03712 11.30384 12.02422 13.15007 12.00298 12.33468 13.42568 
  11.98359 6.859659 9.50104 10.19664 9.523207 9.895928 9.12324 9.343418 10.14675 11.26316 12.77757 12.25235 11.5362 11.18684 12.49214 10.70758 10.78268 11.21525 11.1322 11.57824 12.27688 12.05878 11.93281 13.66234 
  11.62066 8.030643 9.348006 9.906552 10.01807 10.15379 9.981196 10.44926 10.6622 11.00556 12.06778 11.75805 10.8853 10.95538 12.42107 11.24199 10.86591 11.11347 11.68886 11.35797 12.14739 12.27282 12.59994 14.65627 
  11.75418 7.465032 9.135705 9.673954 9.825646 10.93139 9.725282 9.859397 10.69055 11.61094 11.45051 11.42203 11.28239 10.48692 12.13011 10.91648 10.94709 11.34495 11.85468 11.51193 12.24241 12.07656 12.48635 13.79876 
  11.86268 7.160972 9.895137 9.661487 9.625523 10.99916 9.418871 9.399948 10.45719 11.48583 12.13263 12.1523 11.24149 10.85058 12.19881 11.25709 10.47429 11.47885 11.53049 11.44583 11.76267 11.23689 12.31889 13.77316 
  11.63659 7.284211 8.530874 10.08956 10.10451 10.21901 8.804607 9.980408 10.9369 10.94181 11.81182 12.98851 11.49975 10.20135 11.31447 10.58343 11.06801 11.1469 12.22402 11.91906 11.47507 11.31151 12.68565 13.35182 
  11.92013 6.733854 9.504816 9.900911 9.52775 9.678955 10.535 10.74041 10.84709 10.92148 12.1519 13.57555 11.74795 11.16965 11.60121 11.15005 11.24114 11.68713 12.89084 12.64659 11.64613 11.86228 12.28245 13.1215 
  12.37265 6.742957 9.918229 10.23281 9.346709 9.484809 10.17775 10.33902 11.14097 10.72165 12.60224 13.88291 12.75266 11.79949 11.91051 11.63097 12.41249 14.04463 14.12246 13.68965 12.97203 12.07468 12.16564 13.35408 
  13.55112 6.524004 10.68283 11.16995 10.81037 10.07888 10.23229 10.69841 11.89178 11.20916 12.15676 13.53464 13.29237 12.77088 13.24356 13.01002 14.25451 15.52467 17.26296 16.57986 15.86938 14.07926 14.0321 13.9789 
  14.80347 8.145139 10.2824 11.31103 11.54334 10.57195 10.01982 12.12045 12.20143 11.384 12.35516 13.20391 13.0551 12.77068 14.68891 15.46373 16.79945 17.89626 18.63631 18.46254 17.87355 16.1773 16.2998 15.71148 
  16.50244 8.756667 10.89621 11.13077 10.95787 10.83122 10.98495 12.36672 12.68046 12.75325 11.9117 12.78488 13.179 13.6011 15.5481 15.66378 18.03519 20.1637 20.26184 19.21571 17.96718 17.66084 17.47622 17.06829 
  16.88989 8.42159 9.963213 10.50159 11.31447 11.57824 12.50804 12.14665 13.38176 12.8959 13.35188 12.11775 13.84865 13.36648 14.75201 16.49341 17.98022 21.2055 21.80425 20.61527 18.11305 17.83554 18.01025 18.1301 
  16.99961 8.015234 10.69794 11.86599 11.77069 11.98591 12.09163 11.76982 12.3151 13.15688 13.74934 13.31727 13.81551 13.18655 14.31005 16.8857 19.45415 20.37716 21.01379 20.51153 18.81705 18.75562 18.66317 18.96977 
  17.22718 8.190452 9.738397 9.529173 9.867783 11.45772 11.89559 11.94545 12.05251 12.62386 13.53909 13.32886 13.49436 14.10566 14.38451 16.50171 18.58122 20.38374 21.43646 21.47242 19.36301 19.22213 19.32999 19.22981 
  17.47499 7.971395 9.821005 10.29987 9.662906 12.07059 12.54544 12.9957 13.77607 13.56885 12.72913 13.61415 14.83615 14.10879 15.19322 16.21532 17.41842 20.95669 22.13412 21.53911 20.30434 20.12466 19.82727 19.74119 
  17.93341 8.541512 10.05984 10.60658 10.79408 11.24733 11.48746 12.67009 13.25559 12.92036 13.0664 14.56442 14.32068 13.77967 15.45129 16.56071 17.9136 20.72006 22.04381 21.49628 20.51781 20.24222 19.71444 20.14459 
  18.22631 7.353148 9.72084 11.01942 10.17306 10.56468 11.31187 11.43564 12.63675 12.6177 13.9094 13.96068 13.6948 13.34417 14.56137 16.73258 18.6383 20.7349 23.28721 22.56275 20.43243 20.47028 20.37334 20.49047 
  18.42473 6.910671 8.01362 9.69262 10.01228 10.74912 11.56894 12.45257 12.87676 13.19851 14.10402 13.66463 13.81241 14.06822 15.49226 16.63452 17.93313 19.66551 22.813 22.57249 21.0595 20.779 20.29141 20.60938 
  18.41063 8.15536 8.730581 9.989539 10.2005 10.88436 10.59715 11.85591 12.47838 12.55001 13.1969 12.76259 14.40677 14.12519 15.26293 16.08327 17.53098 19.76138 22.66365 22.76359 21.35874 21.26735 20.85631 20.72302 
  18.64211 9.002563 8.793624 10.44254 12.21991 11.76696 12.07824 12.7464 13.29 13.16531 13.24134 14.06529 14.99273 15.05796 15.92313 16.72404 18.48532 20.57861 23.12857 23.21334 22.02297 21.3964 21.35793 20.76148 
  18.79938 8.018794 9.840176 10.82551 12.22797 12.71379 13.25993 13.28078 13.93786 14.06295 14.37569 15.41605 14.73588 14.68667 15.69634 16.96461 18.40835 20.7554 22.95987 23.51216 22.09554 21.31754 21.14125 21.54868 
  18.79727 7.909791 10.17265 10.08838 11.66452 13.80443 13.51451 13.32773 15.20071 14.29362 14.79301 15.80184 16.11209 15.09489 16.42775 17.35673 18.0264 20.09505 22.23067 23.43729 22.61955 21.55659 21.7623 21.53028 
  18.45628 9.528606 11.56324 12.24531 12.44189 13.54163 15.21502 14.68094 15.08562 15.18308 15.12839 17.27175 17.85301 16.73838 18.44113 18.83504 19.09211 20.53677 22.39639 23.09685 22.30479 20.95582 21.09937 20.90913 
  19.64387 14.97747 16.63518 17.61989 18.301 17.71531 16.65837 16.39563 16.30154 16.05748 17.61647 18.71248 17.65167 16.84239 18.80007 18.68964 18.26784 19.29835 21.45386 21.68113 20.04613 19.10605 19.90707 19.20045 
  20.91697 16.73945 18.66227 19.55746 20.62699 21.00334 18.90189 18.04921 17.64726 17.55531 19.31162 20.30013 18.12588 17.33565 19.27757 18.52168 19.28668 19.54113 20.05304 19.77348 20.16024 18.70036 18.03292 17.06266 
  21.54491 16.75285 18.84733 19.72398 20.97923 22.48398 20.74329 19.13535 18.91606 18.47491 20.27865 20.95176 19.2022 17.97304 19.25979 18.26487 20.72622 20.33512 20.76695 20.16386 19.72587 18.9965 17.81123 17.46322 
  21.64708 16.6886 18.68884 19.40533 21.01645 22.48946 21.04581 19.57754 18.44393 18.50627 20.04811 20.87564 18.92792 17.71362 18.98338 18.54558 21.46338 20.73347 20.97217 19.8754 19.43362 19.28969 17.79796 17.66698 
  21.52796 16.59256 18.39214 19.09488 20.1371 22.27307 21.54644 19.34893 18.29386 18.29902 20.11016 21.08027 18.79511 18.06592 18.96743 19.36924 21.49112 20.6512 20.90102 19.56221 19.72204 19.48775 17.74755 17.57577 
  21.38263 16.42645 18.14578 18.72046 19.33801 22.2916 21.59246 19.67015 18.47581 18.51671 20.73935 21.99877 19.40753 18.97787 19.94506 19.76368 22.01867 21.01289 21.2595 19.61443 20.82728 20.41434 19.32277 19.35542 
  21.24598 16.29882 18.05881 18.56924 19.09915 21.97405 21.2449 19.51236 18.34414 18.61371 21.22623 22.29424 19.08505 19.04908 20.18492 20.35705 21.96526 20.9892 21.23315 19.43221 20.33129 20.32349 19.12151 19.13289 
  21.00544 16.27269 17.9443 18.44415 19.098 21.66486 21.02183 19.566 18.50959 18.92002 21.06427 21.82377 18.98997 19.02334 19.75339 20.87416 21.90555 21.0103 21.08162 19.57949 20.06262 20.1008 18.89095 18.86308 
  20.67994 16.26976 17.84297 18.34978 19.29582 21.39973 20.77474 19.44802 18.48467 18.9036 21.06603 20.61588 18.83909 18.76651 18.52033 20.76312 21.72343 20.86914 20.76102 18.8471 19.78457 19.67202 18.65779 18.51731 
  20.15686 16.27979 17.89053 18.18583 18.88208 19.91917 19.31682 18.54988 18.02977 19.24089 20.3307 20.00253 17.9497 18.14673 17.19757 19.54869 19.82983 19.88119 18.93101 17.32171 18.7302 18.47307 17.91212 17.93183 
  18.95504 14.71096 15.7472 15.34503 16.85599 17.07258 15.98449 15.31134 15.0125 17.14954 17.82414 16.29093 15.40346 16.24136 15.42308 16.94855 17.01193 17.83592 16.52291 14.53546 15.45398 15.19242 13.65306 13.61401 
  16.8609 14.0034 15.34718 15.51128 15.97598 15.8354 15.09445 14.41421 14.5214 16.6627 16.37538 14.91906 13.67343 15.15397 14.33345 15.82142 15.30947 16.21807 14.89235 12.93026 13.59477 13.16735 11.86258 11.71448 
  16.05055 13.06797 14.22289 13.88947 13.54092 13.27555 13.76743 14.34651 15.09368 15.99735 15.6098 14.77599 13.87685 14.43319 12.9768 14.69783 14.88505 14.57824 13.43365 12.25234 14.15746 13.73801 13.09439 12.6309 
  16.01221 13.831 15.36968 14.51963 14.48886 13.86689 13.72811 14.43265 15.27526 16.34989 16.11258 14.84015 13.56961 15.04545 13.6885 16.24914 15.54385 14.71358 13.69992 13.15902 14.58163 14.09972 12.76203 12.44828 
  16.56488 12.96859 14.06761 13.39718 13.50883 13.07628 13.23633 13.96721 14.86023 15.77906 15.58877 14.76485 13.66219 13.82982 12.44699 13.36947 12.69921 12.10746 11.59854 11.24285 11.94985 11.55843 11.62109 11.95317 
  16.57311 14.15377 15.47538 14.89962 15.4544 14.97154 15.02646 15.0151 15.54954 17.29591 17.22969 15.4992 14.11784 15.0516 13.52677 15.98988 15.29153 15.05659 13.93314 13.13757 13.36816 13.13842 11.8218 12.14471 
  17.49155 14.57577 14.9752 15.40167 16.2566 16.54431 15.93344 16.14486 15.52302 16.77283 17.60487 16.44654 15.03023 15.53866 13.87624 15.39071 15.6519 15.9703 15.36179 15.09949 16.06445 15.62328 14.33404 13.94981 
  18.08301 14.51639 15.10727 15.69936 17.3459 18.30198 16.54995 16.22933 15.55403 16.78249 18.30654 16.8265 15.23055 16.26763 14.94948 16.44739 16.77159 16.56354 15.96527 15.30181 15.49324 15.14945 13.40006 13.9201 
  17.80857 15.20634 15.85805 15.44697 16.88803 18.28638 18.16674 16.84111 16.67827 17.16878 19.05728 18.55055 16.14519 16.44832 15.67589 16.36484 17.58188 17.69611 16.56975 14.33411 14.85873 15.875 14.27608 14.42255 
  17.74921 14.87434 15.0447 14.79184 15.04668 16.23868 16.28815 15.41465 14.84988 15.36833 17.69969 17.68648 15.54417 15.29295 14.58367 14.86259 17.17253 17.1822 15.68956 13.89389 14.14429 15.59258 15.92655 15.48203 
  17.22237 14.6472 15.02381 15.56667 15.50622 15.63937 15.66837 15.60391 15.1774 15.65162 17.63203 17.50931 15.57547 15.61601 15.325 14.52442 17.28108 16.95893 15.1893 14.12156 14.12508 14.52396 15.2229 14.53888 
  16.54878 13.83233 15.49817 15.39215 14.53354 14.34965 12.64913 9.570608 11.56131 12.58063 14.46865 15.56094 16.72127 17.62764 17.70956 17.68231 18.18077 18.23127 17.46648 16.1135 15.0806 15.05634 14.86518 15.10396 
  16.30072 13.76566 13.8883 14.34816 12.36946 13.10873 11.79733 10.48133 11.38478 11.32301 11.78551 13.59156 15.2116 16.3169 16.94843 17.11 16.85241 16.06155 14.35046 13.03443 13.07796 14.02208 14.08616 13.62898 
  16.05017 14.31168 14.80504 14.83461 13.60181 13.37773 12.67755 10.2353 10.20168 10.20284 13.04198 13.87899 14.119 15.35163 16.04497 15.95971 15.68973 14.87465 11.80774 11.19328 12.04709 13.82302 13.49676 12.58124 
  15.43998 10.50395 13.07644 12.60245 11.63973 11.15123 10.83753 9.781414 10.03856 10.49994 11.45818 12.68754 12.16843 12.37933 12.77092 11.37727 11.68424 11.63688 11.04019 10.90532 10.92082 12.21578 12.58838 12.05694 
  13.00451 8.349804 11.32378 11.55538 10.02773 10.57001 10.372 9.992579 10.79679 11.48725 11.28274 12.44033 12.39553 12.61824 13.98237 13.2413 11.92031 13.01528 11.3895 11.22958 10.94406 11.42334 11.76639 11.89273 
  12.57504 8.090917 10.83579 11.45117 10.30005 10.79108 9.893831 10.25784 10.45132 10.77135 12.3457 13.32767 13.50092 13.02298 14.80826 14.13961 12.8774 13.94321 12.0872 11.86561 11.40168 11.60014 11.66903 11.71115 
  12.59112 8.517538 10.39636 10.75443 9.821202 9.809708 9.167183 9.773954 10.00537 10.26689 11.22419 12.98726 13.05664 12.98392 13.82821 13.79953 12.80379 13.39826 12.03986 11.81419 11.32431 11.48641 11.79338 12.09746 
  12.22771 7.319878 10.67241 10.75249 9.875277 8.936683 10.07409 9.946298 10.48377 10.43736 10.89315 12.30686 12.37439 13.44122 14.5967 15.15303 13.34554 14.08962 12.34496 12.02729 11.66937 11.3801 10.93188 11.79996 
  12.34045 6.830805 9.758278 10.18217 9.870948 8.218342 10.41332 9.856874 9.037489 10.3142 11.15012 12.18758 12.24003 12.53986 14.30106 14.63118 12.82443 14.47468 12.5851 12.42323 11.62582 11.21327 10.73442 11.50659 
  12.24496 8.609912 10.87615 10.95632 10.41655 10.09079 9.534925 10.1899 9.829709 10.86393 10.94125 12.42027 12.76535 13.26128 14.19808 13.66451 12.29724 13.51341 12.63701 12.03379 11.76485 11.51242 11.067 11.77479 
  12.33168 8.279777 10.05956 11.1026 10.64773 10.85021 9.870073 10.77429 10.51018 11.13276 11.31994 12.77605 13.09006 13.11504 13.71533 13.67264 12.10531 13.14526 12.13896 12.01884 11.75203 11.49691 11.23322 11.75767 
  12.23315 8.298376 10.86055 10.91975 10.77563 10.67033 9.858921 10.51329 10.85762 10.76703 10.86185 11.18814 11.89339 12.83013 13.51647 13.03048 11.93252 12.98776 12.41688 12.34738 11.87362 11.40543 11.40481 11.69907 
  12.21149 7.496387 9.76147 11.16872 10.5871 10.48678 10.30131 10.42208 10.67304 11.37189 11.08551 11.77542 12.4857 12.57907 12.94179 12.85897 11.85034 12.57543 12.15965 12.04367 11.85136 11.25139 10.74278 11.32369 
  11.93462 9.274343 10.53147 9.060264 9.597693 10.7247 9.687782 10.35418 10.99204 11.14427 11.57445 10.98577 11.77336 12.48474 12.27093 12.26145 11.85824 11.77423 12.17443 11.46252 11.18456 10.76571 10.56121 11.36478 
  11.91097 7.359456 10.60969 10.40032 9.513422 11.06877 9.895957 10.08901 10.64117 10.91971 10.86109 11.36264 11.30682 12.04744 12.15065 12.7243 11.91483 12.22003 12.46311 12.1865 11.19469 10.99094 11.18791 11.99992 
  11.54338 7.574959 9.286821 10.72049 11.06111 10.71812 10.26641 9.924667 9.998013 10.48032 9.746645 10.77554 11.29527 12.37913 12.32612 12.3149 11.55458 11.64178 11.18912 11.16268 10.78038 10.76056 11.33953 11.35469 ]
